0.207434 0.087214 0.181623 0.523729
0.248998 0.306521 0.444470 0.000010
0.231254 0.340565 0.428172 0.000010
0.286170 0.310656 0.403164 0.000010
0.269906 0.362399 0.367685 0.000010
0.408798 0.118030 0.473162 0.000010
0.236209 0.341650 0.422131 0.000010
0.283627 0.355010 0.361352 0.000010
0.247328 0.349590 0.403072 0.000010
0.462354 0.020674 0.516962 0.000010
0.453541 0.000010 0.546439 0.000010
0.979549 0.000010 0.020431 0.000010
0.706590 0.293390 0.000010 0.000010
0.744501 0.255479 0.000010 0.000010
0.999970 0.000010 0.000010 0.000010
0.999970 0.000010 0.000010 0.000010
0.992880 0.007100 0.000010 0.000010
0.999970 0.000010 0.000010 0.000010
0.999970 0.000010 0.000010 0.000010
0.917182 0.082798 0.000010 0.000010
0.645731 0.354249 0.000011 0.000010
0.511597 0.488382 0.000011 0.000010
0.769111 0.230869 0.000010 0.000010
0.762475 0.237505 0.000010 0.000010
0.691265 0.308715 0.000010 0.000010
0.774570 0.225410 0.000010 0.000010
0.135765 0.291511 0.195792 0.376932
0.082762 0.000010 0.080540 0.836688
0.000010 0.348076 0.000010 0.651904
0.068372 0.065860 0.000010 0.865758
0.077842 0.049583 0.000010 0.872565
0.015462 0.319270 0.113212 0.552056
0.096804 0.000010 0.084609 0.818577
0.113887 0.014065 0.077040 0.795009
0.025917 0.282299 0.060251 0.631533
0.000010 0.356583 0.000010 0.643397
0.098746 0.016591 0.000010 0.884653
0.757725 0.242255 0.000010 0.000010
0.606093 0.393887 0.000010 0.000010
0.697868 0.302109 0.000013 0.000010
0.716698 0.283282 0.000010 0.000010
0.715692 0.284288 0.000010 0.000010
0.000010 0.112105 0.818951 0.068934
0.000010 0.000010 0.999970 0.000010
0.000010 0.000010 0.999970 0.000010
0.000010 0.000010 0.999970 0.000010
0.000010 0.000010 0.999970 0.000010
0.000010 0.010409 0.989571 0.000010
0.860723 0.134960 0.004307 0.000010
0.734839 0.265141 0.000010 0.000010
0.200890 0.799090 0.000010 0.000010
0.717450 0.282530 0.000010 0.000010
0.716926 0.283047 0.000017 0.000010
0.567027 0.432953 0.000010 0.000010
0.000010 0.999970 0.000010 0.000010
0.517346 0.482634 0.000010 0.000010
0.526577 0.473403 0.000010 0.000010
0.280118 0.719862 0.000010 0.000010
0.319145 0.680835 0.000010 0.000010
0.000010 0.999970 0.000010 0.000010
0.000010 0.999970 0.000010 0.000010
0.000010 0.999970 0.000010 0.000010
0.388832 0.611148 0.000010 0.000010
0.010971 0.989009 0.000010 0.000010
0.349859 0.650121 0.000010 0.000010
0.000010 0.623444 0.000010 0.376536
0.000010 0.504167 0.000010 0.495813
0.000010 0.459013 0.033475 0.507501
0.000010 0.659973 0.000010 0.340007
0.000010 0.627741 0.000010 0.372239
0.000010 0.560988 0.000010 0.438992
0.000010 0.372212 0.000372 0.627406
0.000010 0.613953 0.000010 0.386027
0.000010 0.435445 0.000010 0.564535
0.000010 0.410533 0.000010 0.589447
0.000010 0.703131 0.000010 0.296849
0.000010 0.426139 0.000010 0.573841
0.000010 0.594983 0.000010 0.404997
0.017481 0.675045 0.307464 0.000010
0.000010 0.627721 0.000010 0.372259
0.243936 0.271178 0.484875 0.000010
0.279429 0.335211 0.385350 0.000010
0.272584 0.333225 0.394181 0.000010
0.195313 0.378930 0.425747 0.000010
0.198108 0.355664 0.446218 0.000010
0.256094 0.345910 0.397986 0.000010
0.247591 0.364865 0.387534 0.000010
0.251570 0.401774 0.346646 0.000010
0.199476 0.405132 0.395381 0.000010
0.175318 0.429066 0.395606 0.000010
0.796743 0.203237 0.000010 0.000010
0.386191 0.613786 0.000013 0.000010
0.769822 0.230158 0.000010 0.000010
0.738128 0.261852 0.000010 0.000010
0.780726 0.219254 0.000010 0.000010
0.712287 0.287689 0.000014 0.000010
0.682732 0.317248 0.000010 0.000010
0.999970 0.000010 0.000010 0.000010
0.735474 0.264506 0.000010 0.000010
0.999970 0.000010 0.000010 0.000010
0.993361 0.006619 0.000010 0.000010
0.786262 0.213718 0.000010 0.000010
0.958934 0.041046 0.000010 0.000010
0.744900 0.255077 0.000013 0.000010
0.897430 0.102550 0.000010 0.000010
0.006921 0.301869 0.000795 0.690415
0.034352 0.254101 0.112118 0.599429
0.021572 0.314037 0.058139 0.606252
0.000010 0.358239 0.102114 0.539637
0.000010 0.385909 0.000010 0.614071
0.000010 0.380327 0.000010 0.619653
0.000010 0.423884 0.000010 0.576096
0.000010 0.426025 0.000010 0.573955
0.000010 0.372833 0.000010 0.627147
0.000010 0.422714 0.000010 0.577266
0.697558 0.302417 0.000015 0.000010
0.332120 0.667860 0.000010 0.000010
0.694320 0.305659 0.000011 0.000010
0.757169 0.242811 0.000010 0.000010
0.485849 0.514131 0.000010 0.000010
0.000010 0.000010 0.904264 0.095716
0.000010 0.040278 0.959702 0.000010
0.000010 0.000010 0.999970 0.000010
0.000010 0.000010 0.999970 0.000010
0.000010 0.000010 0.896549 0.103431
0.000010 0.187688 0.812292 0.000010
0.408886 0.591093 0.000012 0.000010
0.718789 0.281191 0.000010 0.000010
0.757505 0.242475 0.000010 0.000010
0.783867 0.216113 0.000010 0.000010
