0.089490 0.179267 0.120436 0.118132 0.492675
0.000010 0.936798 0.000010 0.063172 0.000010
0.000010 0.950229 0.000010 0.049741 0.000010
0.000010 0.911995 0.000010 0.087975 0.000010
0.000010 0.844598 0.000010 0.155372 0.000010
0.068891 0.931079 0.000010 0.000010 0.000010
0.000010 0.949642 0.000010 0.050328 0.000010
0.000010 0.856366 0.000010 0.143604 0.000010
0.000010 0.901837 0.000010 0.098133 0.000010
0.090801 0.909169 0.000010 0.000010 0.000010
0.089810 0.910160 0.000010 0.000010 0.000010
0.669151 0.062049 0.000010 0.268780 0.000010
0.454569 0.000345 0.000010 0.545066 0.000010
0.474493 0.001339 0.000010 0.524148 0.000010
0.691559 0.000011 0.000010 0.308410 0.000010
0.678832 0.007936 0.000010 0.313212 0.000010
0.638861 0.000010 0.000010 0.361109 0.000010
0.658178 0.000010 0.000010 0.341792 0.000010
0.679658 0.003379 0.000010 0.316942 0.000010
0.586858 0.000010 0.000010 0.413112 0.000010
0.413426 0.000010 0.000010 0.586544 0.000010
0.325838 0.000010 0.000010 0.674132 0.000010
0.497109 0.000410 0.000010 0.502461 0.000010
0.488564 0.000796 0.000010 0.510620 0.000010
0.439443 0.000011 0.000010 0.560526 0.000010
0.502155 0.000014 0.000010 0.497812 0.000010
0.037952 0.223914 0.085113 0.291760 0.361261
0.073356 0.000010 0.144069 0.000010 0.782555
0.000010 0.000010 0.000010 0.362195 0.637775
0.053416 0.000010 0.000010 0.105060 0.841504
0.059499 0.000010 0.000010 0.092939 0.847542
0.000010 0.056593 0.096361 0.322541 0.524495
0.070973 0.000010 0.167810 0.000010 0.761197
0.060708 0.000010 0.154057 0.044729 0.740496
0.006293 0.000010 0.112691 0.288263 0.592743
0.000010 0.000010 0.000010 0.369835 0.630135
0.074481 0.000010 0.000010 0.066248 0.859251
0.492430 0.000771 0.000010 0.506779 0.000010
0.393012 0.000010 0.000010 0.606958 0.000010
0.449537 0.002157 0.000010 0.548286 0.000010
0.461839 0.001899 0.000010 0.536243 0.000010
0.465048 0.001760 0.000010 0.533172 0.000010
0.000010 0.000015 0.751680 0.248285 0.000010
0.000010 0.000010 0.751337 0.248633 0.000010
0.000010 0.000010 0.734888 0.265082 0.000010
0.000010 0.000010 0.694786 0.305184 0.000010
0.000010 0.000010 0.736449 0.263521 0.000010
0.000010 0.000010 0.685102 0.314868 0.000010
0.519830 0.054138 0.000010 0.426012 0.000010
0.471824 0.000010 0.000010 0.528146 0.000010
0.093298 0.000010 0.000010 0.906672 0.000010
0.462851 0.000010 0.000010 0.537119 0.000010
0.456736 0.002399 0.000010 0.540845 0.000010
0.380527 0.000010 0.000010 0.619443 0.000010
0.000018 0.000010 0.000010 0.999952 0.000010
0.356749 0.000010 0.000010 0.643221 0.000010
0.357159 0.000010 0.000010 0.642811 0.000010
0.199219 0.020495 0.000010 0.780266 0.000010
0.231264 0.000010 0.000010 0.768706 0.000010
0.000010 0.000010 0.000010 0.999960 0.000010
0.000010 0.000010 0.000010 0.999960 0.000010
0.000010 0.000010 0.000010 0.999960 0.000010
0.280922 0.004006 0.000010 0.715052 0.000010
0.150231 0.000010 0.000010 0.849739 0.000010
0.237682 0.000010 0.000010 0.762288 0.000010
0.000010 0.000010 0.000010 0.629994 0.369976
0.000010 0.000010 0.034385 0.494144 0.471451
0.000010 0.000010 0.092922 0.437255 0.469803
0.000010 0.000010 0.000010 0.664797 0.335173
0.000010 0.000010 0.000010 0.632961 0.367009
0.000010 0.000010 0.000010 0.569515 0.430455
0.000010 0.028933 0.009436 0.355565 0.606056
0.000010 0.000010 0.000010 0.620385 0.379585
0.000010 0.000010 0.000010 0.445512 0.554458
0.000010 0.000010 0.000010 0.420800 0.579170
0.000010 0.000010 0.000010 0.708417 0.291553
0.000010 0.000010 0.038361 0.413431 0.548189
0.000010 0.000010 0.000010 0.602442 0.397528
0.000010 0.651519 0.000010 0.348451 0.000010
0.000010 0.000010 0.000010 0.635459 0.364511
0.000010 0.704372 0.146712 0.148896 0.000010
0.000010 0.882915 0.000010 0.117055 0.000010
0.000013 0.892314 0.000010 0.107653 0.000010
0.000010 0.951065 0.000010 0.048905 0.000010
0.000010 0.972614 0.000010 0.027356 0.000010
0.000010 0.928386 0.000010 0.071584 0.000010
0.000010 0.910428 0.000010 0.089542 0.000010
0.000010 0.815710 0.000010 0.184260 0.000010
0.000010 0.914276 0.000010 0.085694 0.000010
0.000010 0.901353 0.000010 0.098617 0.000010
0.513911 0.000011 0.000010 0.486058 0.000010
0.249331 0.000010 0.000010 0.750639 0.000010
0.494741 0.000058 0.000010 0.505181 0.000010
0.476110 0.000010 0.000010 0.523860 0.000010
0.501289 0.000815 0.000010 0.497876 0.000010
0.457816 0.000010 0.000010 0.542154 0.000010
0.436366 0.000327 0.000010 0.563287 0.000010
0.677281 0.003032 0.000010 0.319667 0.000010
0.466254 0.000010 0.000010 0.533716 0.000010
0.666983 0.000010 0.000010 0.332987 0.000010
0.636353 0.000016 0.000010 0.363610 0.000010
0.505938 0.000010 0.000010 0.494032 0.000010
0.611601 0.000431 0.000010 0.387948 0.000010
0.475343 0.000012 0.000010 0.524625 0.000010
0.581951 0.000010 0.000010 0.418019 0.000010
0.000010 0.038116 0.024457 0.275183 0.662234
0.001901 0.065077 0.114990 0.253918 0.564114
0.008058 0.026884 0.087035 0.305635 0.572388
0.000010 0.048102 0.082495 0.354385 0.515008
0.000010 0.000010 0.000010 0.398275 0.601695
0.000010 0.000010 0.000010 0.393105 0.606865
0.000010 0.000010 0.112978 0.362032 0.524970
0.000010 0.000010 0.109969 0.366294 0.523716
0.000010 0.000010 0.000010 0.385632 0.614338
0.000010 0.000010 0.109618 0.362964 0.527399
0.456156 0.000872 0.000010 0.542953 0.000010
0.202797 0.000010 0.000010 0.797173 0.000010
0.448007 0.000504 0.000010 0.551469 0.000010
0.487002 0.000010 0.000010 0.512968 0.000010
0.309197 0.000198 0.000010 0.690585 0.000010
0.000010 0.000634 0.991811 0.007535 0.000010
0.000010 0.000010 0.657911 0.342059 0.000010
0.000010 0.000010 0.756022 0.243948 0.000010
0.000010 0.000010 0.786204 0.213766 0.000010
0.000010 0.000010 0.986351 0.013619 0.000010
0.000010 0.000010 0.560315 0.439655 0.000010
0.253363 0.010238 0.000010 0.736380 0.000010
0.463347 0.000010 0.000010 0.536623 0.000010
0.485937 0.000010 0.000010 0.514033 0.000010
0.492070 0.014334 0.000010 0.493576 0.000010
